150
791328019 791903785
1728103950 1728374359
1134773780 1135105730
1496316870 1496613296
406074545 406467029
912471725 913000238
1080065994 1080454022
1919548107 1919796019
1262808657 1263474631
2012601757 2013104984
780327295 780873207
90114419 90874003
736653439 737417515
761515975 761529863
1885641799 1886249538
728410320 729138624
339941025 340137291
452183986 452288254
248853497 249574740
358269898 359141677
442419593 442692252
1017982147 1018350651
1451454964 1452181740
1040571186 1041111796
1328383509 1328749545
874742754 875251308
1176591308 1177017890
1492825054 1493520841
42694414 43028759
347464783 348096876
180135982 180247015
1205747674 1206063741
1136842004 1137478232
1471391116 1471461121
623012741 623825463
1684766054 1685747551
1850515305 1850605792
1770164313 1770813596
1064255695 1064549638
2009663352 2009830592
1589599665 1590174419
591525181 591931179
461292303 461633330
1276091240 1276307803
585774993 586662071
1741644229 1741863580
1011265882 1011736736
2062933736 2063279861
2087454471 2087917001
1254793097 1255760747
269837214 270439817
1679565042 1680015438
1836645721 1836951125
1083085992 1083205553
613114280 613849030
1739752940 1740292681
858474153 859388232
374710550 375183367
1900632152 1901604719
1860198098 1860815158
2086456334 2086990345
586364129 586855464
1057045922 1057090823
1519018103 1519947035
49792027 49986822
169762245 170656301
1929081848 1929836277
638997613 639126333
280663086 281008854
872283864 872841724
1259984177 1260867142
1023095889 1023479386
1514303394 1514527492
2020727566 2021220234
1661976396 1662053732
1905180435 1905807088
1557318864 1557461096
1633412407 1633703266
1559244489 1559326771
1729921445 1730188053
1845487653 1846096240
321841636 322239449
139965316 140234222
422186149 422841665
1406829845 1407601927
1398703589 1399318045
82104616 82155845
353925813 354547054
1320949885 1321716579
1148651265 1148698558
2064121920 2065060829
20291450 21070907
939550910 940108856
188346898 189230631
838283026 839137776
472404233 472570054
944473531 944784146
1381117398 1381263309
882164803 882235805
1560848536 1561180798
339776988 340568799
1445285050 1445587120
478400490 478574974
1729847524 1730634628
508055672 508192042
729487677 730200417
1417258731 1417445515
1906297367 1907041563
1622193915 1622267885
882581741 883220426
2099334570 2099444006
255074530 255090770
2133439355 2133847682
1240868525 1241813793
1015157760 1016133318
753623910 754249485
212795317 213286910
1461781732 1461788626
571822776 572255471
2092955598 2093618260
109460679 109715323
442800909 442855878
2143244819 2143916511
131443995 131692631
2010698363 2010821121
1519355199 1519472642
1490007949 1490028699
2047788848 2048670430
1059145314 1059948615
280773749 281620745
534451540 534763863
1978956540 1979220023
517924068 518441464
75807428 75976632
1671216412 1672113535
1853610881 1853838689
475718819 475817945
330672781 331367143
516922944 517365777
1831747210 1832711605
182763853 183517693
1595751669 1596749409
1604357338 1604570860
447749919 447998717
1483727049 1484380896
2017987072 2018266636
2026215841 2027181089
521651591 522110647
449487485 449996793
303991169 304720439
